PATH = "./inputs/all"
LDA_PATH = "./Project/Lda/code/all_all_database.json"
# PATH = "D:\\Masters\\CSE 515\\test"
MIN_VALUE = 0
MAX_VALUE = 0
RESULTS_PATH = "D:\\Masters\\CSE 515\\results"
QUERY_IMAGE_FOUND = False
QUERY_IMAGE_PATH = None
IMAGE_SET = {}
MATRIX = [[0.0, 0.7581596614478016, 240.81085964405938, 308.95596819922116, 1.0453684250606583, 319.44017360469905, 427.02046290150196, 0.6501956594425361, 0.6549665756218548, 0.6916944735754456, 296.8087931534045, 0.713427975017687],
[0.7581596614478016, 0.0, 160.69829629980507, 206.07481516149394, 0.770673361516336, 213.05718422521298, 284.83501421640955, 0.3477583064553751, 0.3522179419895968, 0.5207525048552252, 197.97146337058822, 0.21949520282730053],
[240.81085964405938, 160.69829629980507, 0.0, 34.57148455745568, 161.0922735472343, 38.05440675231494, 69.70942954577741, 80.43470006678378, 80.43715601169303, 160.86669560568984, 31.041565981767913, 80.35704039455275],
[308.95596819922116, 206.07481516149394, 34.57148455745568, 0.0, 206.59819232139364, 7.149120876340546, 48.48551982827979, 103.13639454220588, 103.14075734141876, 206.3113068164729, 6.492993237484321, 103.05003426150186],
[1.0453684250606583, 0.770673361516336, 161.0922735472343, 206.59819232139364, 0.0, 213.59803276304294, 285.31553704454666, 0.4724022242490038, 0.46607827358038995, 0.447887603997589, 198.47772144556188, 0.6777007647037624],
[319.44017360469905, 213.05718422521298, 38.05440675231494, 7.149120876340546, 213.59803276304294, 0.0, 39.49150871094317, 91.39697409911207, 106.63439050227872, 213.30063632158306, 11.38128995962033, 91.32314227166516],
[427.02046290150196, 284.83501421640955, 69.70942954577741, 48.48551982827979, 285.31553704454666, 39.49150871094317, 0.0, 122.15845581181354, 142.52078285436622, 285.0422235954403, 51.523223189440955, 122.07384190878854],
[0.6501956594425361, 0.3477583064553751, 80.43470006678378, 103.13639454220588, 0.4724022242490038, 91.39697409911207, 122.15845581181354, 0.0, 0.018648035811449973, 0.29130835219314927, 99.08479550452694, 0.11184380333074928],
[0.6549665756218548, 0.3522179419895968, 80.43715601169303, 103.14075734141876, 0.46607827358038995, 106.63439050227872, 142.52078285436622, 0.018648035811449973, 0.0, 0.2846874003484457, 99.0890619027298, 0.13366929244750017],
[0.6916944735754456, 0.5207525048552252, 160.86669560568984, 206.3113068164729, 0.447887603997589, 213.30063632158306, 285.0422235954403, 0.29130835219314927, 0.2846874003484457, 0.0, 198.2022216557232, 0.4293216315654936],
[296.8087931534045, 197.97146337058822, 31.041565981767913, 6.492993237484321, 198.47772144556188, 11.38128995962033, 51.523223189440955, 99.08479550452694, 99.0890619027298, 198.2022216557232, 0.0, 98.99901614677714],
[0.713427975017687, 0.21949520282730053, 80.35704039455275, 103.05003426150186, 0.6777007647037624, 91.32314227166516, 122.07384190878854, 0.11184380333074928, 0.13366929244750017, 0.4293216315654936, 98.99901614677714, 0.0]]