type_type_similarity_matrix =[[0.0, 0.7581596614478016, 240.81085964405938, 308.95596819922116, 1.0453684250606583, 319.44017360469905, 427.02046290150196, 0.6501956594425361, 0.6549665756218548, 0.6916944735754456, 296.8087931534045, 0.713427975017687],
[0.7581596614478016, 0.0, 160.69829629980507, 206.07481516149394, 0.770673361516336, 213.05718422521298, 284.83501421640955, 0.3477583064553751, 0.3522179419895968, 0.5207525048552252, 197.97146337058822, 0.21949520282730053],
[240.81085964405938, 160.69829629980507, 0.0, 34.57148455745568, 161.0922735472343, 38.05440675231494, 69.70942954577741, 80.43470006678378, 80.43715601169303, 160.86669560568984, 31.041565981767913, 80.35704039455275],
[308.95596819922116, 206.07481516149394, 34.57148455745568, 0.0, 206.59819232139364, 7.149120876340546, 48.48551982827979, 103.13639454220588, 103.14075734141876, 206.3113068164729, 6.492993237484321, 103.05003426150186],
[1.0453684250606583, 0.770673361516336, 161.0922735472343, 206.59819232139364, 0.0, 213.59803276304294, 285.31553704454666, 0.4724022242490038, 0.46607827358038995, 0.447887603997589, 198.47772144556188, 0.6777007647037624],
[319.44017360469905, 213.05718422521298, 38.05440675231494, 7.149120876340546, 213.59803276304294, 0.0, 39.49150871094317, 91.39697409911207, 106.63439050227872, 213.30063632158306, 11.38128995962033, 91.32314227166516],
[427.02046290150196, 284.83501421640955, 69.70942954577741, 48.48551982827979, 285.31553704454666, 39.49150871094317, 0.0, 122.15845581181354, 142.52078285436622, 285.0422235954403, 51.523223189440955, 122.07384190878854],
[0.6501956594425361, 0.3477583064553751, 80.43470006678378, 103.13639454220588, 0.4724022242490038, 91.39697409911207, 122.15845581181354, 0.0, 0.018648035811449973, 0.29130835219314927, 99.08479550452694, 0.11184380333074928],
[0.6549665756218548, 0.3522179419895968, 80.43715601169303, 103.14075734141876, 0.46607827358038995, 106.63439050227872, 142.52078285436622, 0.018648035811449973, 0.0, 0.2846874003484457, 99.0890619027298, 0.13366929244750017],
[0.6916944735754456, 0.5207525048552252, 160.86669560568984, 206.3113068164729, 0.447887603997589, 213.30063632158306, 285.0422235954403, 0.29130835219314927, 0.2846874003484457, 0.0, 198.2022216557232, 0.4293216315654936],
[296.8087931534045, 197.97146337058822, 31.041565981767913, 6.492993237484321, 198.47772144556188, 11.38128995962033, 51.523223189440955, 99.08479550452694, 99.0890619027298, 198.2022216557232, 0.0, 98.99901614677714],
[0.713427975017687, 0.21949520282730053, 80.35704039455275, 103.05003426150186, 0.6777007647037624, 91.32314227166516, 122.07384190878854, 0.11184380333074928, 0.13366929244750017, 0.4293216315654936, 98.99901614677714, 0.0]]
subject_subject_similarity_matrix = [[0.0, 50.07090239799117, 66.66073218584411, 55.910430437403456, 42.168243463754706, 55.78078142255211, 55.2884013089415, 45.43549236804113, 49.41983519561885, 52.165958884025805, 58.31820316986209, 55.83673081878807, 48.983464987267155, 43.686192469772756, 79.53607871317574, 51.26742084832769, 47.935062321960324, 55.98317808520659, 60.878100831428, 57.43187113256889, 59.11514294235897, 49.52507174753858, 49.154894630066345, 56.250278445769375, 57.98302591391584, 52.048703705110206, 66.47942377490936, 77.39959126483411, 53.33967926411074, 50.115586715161164, 67.53741368300938, 53.06302552212883, 53.30144194221345, 47.242124004996334, 48.329588026108915, 49.2360384068883, 42.38838390789281, 49.05932594277858, 56.95700150341279, 56.62964172645347],
[50.07090239799117, 0.0, 26.812696036683068, 21.427705148953176, 22.3452163272352, 23.565308012693777, 21.677879510620382, 21.643244657707545, 26.794996276389814, 18.516273106731894, 24.226678111789138, 58.68763287358426, 24.194249040392954, 20.73769599631021, 40.62374738615141, 17.32416276656496, 28.59084816521213, 18.419558616775237, 22.698169620363295, 22.13097690341838, 24.892647423488167, 26.16571307828445, 39.78957618608171, 25.735679325506084, 30.667838543172596, 25.26573736080296, 34.384921336282176, 37.99501506629729, 23.866098460103643, 27.453785580755426, 34.37085525398506, 20.201207374990723, 25.160271108706528, 40.177672459862315, 18.19355826511597, 43.211591665956746, 42.27119158740851, 50.20902582330764, 39.366154020715726, 37.34755230925638],
[66.66073218584411, 26.812696036683068, 0.0, 29.468028389095185, 27.384027240426246, 24.96224879836672, 21.636254382777896, 21.97892119633874, 29.47243162286376, 26.359538302599834, 19.734387228228865, 48.07274496368861, 24.838911904973294, 27.92058881825455, 39.54497605850792, 24.737295420401477, 31.141864961990922, 24.916687144074487, 26.899860206804508, 21.034170917275855, 20.764674207956702, 28.65031577557197, 54.340254213670825, 28.588684894366168, 29.936067805414208, 20.06230269880357, 34.952258261584184, 35.39812172442235, 30.135464497066156, 28.211684721093217, 36.487040997250936, 28.451266691129284, 26.852293916869044, 46.890922164618466, 28.23422873391841, 59.03591193297944, 54.00979219185923, 52.0758735998749, 49.03404982879331, 56.26115659280736],
[55.910430437403456, 21.427705148953176, 29.468028389095185, 0.0, 20.285558357302357, 21.45186499093105, 24.984206567298134, 23.886248521017855, 24.203621623866702, 19.971286527606267, 23.795975205458173, 55.885096241102666, 24.253743702686418, 17.29295828415344, 40.45017382161981, 16.502608060425935, 28.293233418064716, 20.37993848924942, 21.44242045116321, 22.22590937265198, 26.046646075387148, 25.07738948316743, 40.182140492353426, 24.101133246620975, 27.035975606101815, 25.85171205044423, 33.755363051262435, 39.48428876798511, 23.109612567006824, 27.387307553736512, 32.11858161509381, 18.51324324843954, 26.682676894783665, 43.98491271170704, 16.45160614607608, 34.561525086333596, 41.0118123305484, 46.01206401436163, 58.735025312552715, 28.684614836673337],
[42.168243463754706, 22.3452163272352, 27.384027240426246, 20.285558357302357, 0.0, 20.447967588290265, 17.160420713863786, 20.18900596024944, 16.927201756207804, 19.64778020880668, 22.09513487608872, 41.863859927281645, 16.029854902606314, 12.20553896779, 33.270908849760154, 16.021979562467397, 21.990731521820173, 17.304477352196475, 19.759338350887454, 20.739522489086212, 20.648747626111284, 16.497782235458278, 30.724710702747906, 19.95117746949561, 19.590075093081555, 21.034023723940173, 25.958752996920104, 30.631069151490152, 16.592424262305137, 18.66357019098506, 26.252271612981758, 19.841799174318677, 17.327866637548553, 27.292477723416077, 16.27557885750257, 29.81201501012287, 22.757915304991986, 35.00090623703178, 57.36622515529331, 36.71051084864612],
[55.78078142255211, 23.565308012693777, 24.96224879836672, 21.45186499093105, 20.447967588290265, 0.0, 23.243581167589415, 26.466084807624053, 24.992908494827958, 24.894761793556764, 22.716464886074295, 40.22103346568536, 22.548988945422227, 22.46996290394215, 33.292973957185055, 20.95946123956578, 31.30405906180249, 20.352889962823326, 18.498847157612808, 18.565904717738963, 21.409077378127343, 24.64579003849175, 39.78745452720685, 23.772331319214985, 23.220262278797918, 21.410612724460837, 30.773680745833488, 30.240745060906054, 24.122841049819247, 28.055284664839824, 27.755532501055484, 22.204484580027458, 23.359889960509058, 39.45119474260986, 23.635313426917858, 46.543266677270445, 45.85089367894853, 46.022216035596145, 54.22091665455851, 46.02525059325343],
[55.2884013089415, 21.677879510620382, 21.636254382777896, 24.984206567298134, 17.160420713863786, 23.243581167589415, 0.0, 19.98182144645554, 25.894600759415333, 18.889331327484992, 22.32014321330819, 44.48377686503991, 19.3238147271824, 17.31333943543289, 38.10124329449853, 17.128468182004532, 23.773506910301187, 17.777805143713294, 23.287230146475313, 21.467825763469612, 24.016444054429588, 22.506971306024603, 43.15217908820096, 23.140017323699876, 24.958722995683022, 20.65442416353211, 32.378978040806516, 34.135613161267585, 22.4161561891688, 21.402194636034636, 34.38271505992943, 23.750000180196537, 22.923004899210323, 32.35143819102072, 22.086446139203485, 42.05512655664545, 34.587679994193394, 43.184749311860344, 50.43827146607707, 43.01190996210835],
[45.43549236804113, 21.643244657707545, 21.97892119633874, 23.886248521017855, 20.18900596024944, 26.466084807624053, 19.98182144645554, 0.0, 23.483448996372374, 21.308891216602245, 20.6662728024285, 48.4007439001967, 20.304919790330736, 19.39474445066679, 39.520591200428896, 21.352951966944104, 19.987768361190085, 22.55821223380816, 27.873731053217952, 22.049720772578112, 22.76516793035115, 23.96072396156738, 45.73912176197278, 25.1478733090743, 26.85678854803006, 20.54663313259936, 32.23700227109142, 35.40885991241266, 25.256526389252812, 20.235897703449336, 36.63439995608757, 25.689684271462987, 24.961458644956338, 35.830770251847156, 20.776263658720925, 42.73668578283662, 37.08936815493881, 37.18009898956576, 48.99585969192937, 43.880899623029656],
[49.41983519561885, 26.794996276389814, 29.47243162286376, 24.203621623866702, 16.927201756207804, 24.992908494827958, 25.894600759415333, 23.483448996372374, 0.0, 27.147703064300174, 25.264477861084362, 51.180598237863364, 21.89974539001542, 19.527628577793497, 27.724235428524693, 22.996489423289407, 24.804491986919235, 24.0353152228961, 21.52623889080908, 26.702410119265892, 22.85512813124801, 20.205547788317162, 39.45910562167106, 24.566265808699164, 21.20689940859501, 25.616010405440363, 25.26060118527143, 30.42348728641583, 18.000836773852207, 22.82984486418484, 23.63645244402031, 24.970726035260732, 20.47514894544919, 43.24740555174785, 19.758289195387352, 40.29112484306237, 38.48876217683491, 43.30378480266741, 67.8353338108554, 44.6988955352502],
[52.165958884025805, 18.516273106731894, 26.359538302599834, 19.971286527606267, 19.64778020880668, 24.894761793556764, 18.889331327484992, 21.308891216602245, 27.147703064300174, 0.0, 26.844225364261582, 55.67604646727994, 22.073972683612187, 17.175184128295633, 43.063695947175866, 15.835326957158523, 26.17493311620406, 21.171597448926594, 25.972099435902624, 24.677197951325404, 26.799686083366346, 25.22994692412202, 43.65235153898772, 25.40236958757411, 30.48822908687166, 25.78437845162463, 34.80691820130982, 40.4977238328033, 23.531578330774703, 26.233584118951903, 35.99461309187772, 19.248573993438246, 26.60551699206831, 37.39474611632308, 18.130747294140907, 39.31947897434201, 37.23344805093098, 47.08921027372266, 48.49018114734834, 37.26224735050394],
[58.31820316986209, 24.226678111789138, 19.734387228228865, 23.795975205458173, 22.09513487608872, 22.716464886074295, 22.32014321330819, 20.6662728024285, 25.264477861084362, 26.844225364261582, 0.0, 43.02342261872245, 22.874314422716516, 23.82508856248518, 36.5226357529757, 22.892940843742107, 26.33808007799179, 21.604439144605525, 22.127983971647993, 17.75035228332514, 21.470103672688293, 23.423821409089967, 45.01159844881638, 25.305680802478264, 25.453020351762355, 17.86039921722442, 31.445624805300092, 33.65369967231211, 25.049104662819282, 22.132548877427777, 29.98277891851579, 24.344675309835118, 22.95492166850485, 39.10588361533035, 24.386433782018685, 50.904153365230975, 45.95816453535543, 37.39637847639064, 53.21673078947515, 49.75018545368214],
[55.83673081878807, 58.68763287358426, 48.07274496368861, 55.885096241102666, 41.863859927281645, 40.22103346568536, 44.48377686503991, 48.4007439001967, 51.180598237863364, 55.67604646727994, 43.02342261872245, 0.0, 41.66548955931224, 47.90049081002914, 57.33595910372118, 51.60468496887487, 53.621478759422175, 49.04345695797382, 50.05523594785281, 42.77872864113215, 47.665013627423555, 43.332530288419186, 50.00620303619019, 43.68041058537359, 35.9909434030734, 39.78082550283406, 51.69073169241251, 47.44070110790664, 50.67695507172737, 49.61830939547885, 56.16901681164095, 54.488790377604005, 41.32446417387286, 40.97690303729817, 53.81589067009861, 53.157844135066824, 44.98418124998281, 47.810085824440584, 59.13136448179978, 56.92449300596142],
[48.983464987267155, 24.194249040392954, 24.838911904973294, 24.253743702686418, 16.029854902606314, 22.548988945422227, 19.3238147271824, 20.304919790330736, 21.89974539001542, 22.073972683612187, 22.874314422716516, 41.66548955931224, 0.0, 17.19943404735354, 31.420468537906, 21.524016983040827, 24.663516887654943, 22.434986749826876, 25.124218769677046, 23.233357763178642, 21.662584427617272, 17.71414925784393, 37.380498783887425, 17.522043301854737, 21.71044562589613, 23.693897064050194, 24.953725996423362, 28.535267504093536, 18.954134296096484, 21.254929300209902, 28.450439976619933, 23.085102643378512, 18.481229394860534, 32.1722723807875, 20.372529609647277, 40.31522155181396, 33.957310439093355, 42.14004236710843, 59.4268930495801, 45.01555668045011],
[43.686192469772756, 20.73769599631021, 27.92058881825455, 17.29295828415344, 12.20553896779, 22.46996290394215, 17.31333943543289, 19.39474445066679, 19.527628577793497, 17.175184128295633, 23.82508856248518, 47.90049081002914, 17.19943404735354, 0.0, 36.210245795602276, 14.819818914648941, 22.31092985391998, 19.00946949372704, 21.47422855214587, 23.660052942462695, 24.437647283799357, 19.280830314482184, 29.263280237341764, 21.396325805818964, 22.575926271209, 22.926114183459024, 28.43226727825021, 34.10030957671414, 16.85511524778918, 20.812593808236784, 29.51932658145769, 19.155606800164364, 20.312606205672182, 29.9843220874889, 13.993830990110226, 26.383378403914474, 23.3923272519465, 39.063123911015204, 53.969057737464645, 35.31827376529742],
[79.53607871317574, 40.62374738615141, 39.54497605850792, 40.45017382161981, 33.270908849760154, 33.292973957185055, 38.10124329449853, 39.520591200428896, 27.724235428524693, 43.063695947175866, 36.5226357529757, 57.33595910372118, 31.420468537906, 36.210245795602276, 0.0, 39.64238195145633, 38.734329484806054, 37.06537597988269, 31.202462126576407, 38.84932663736466, 34.69006420702197, 27.56368962735302, 66.65437397656196, 28.065066053894256, 24.961728179993834, 38.19518595459646, 23.03403574156152, 19.014089505652436, 29.109433578013622, 35.23508165710496, 24.469862796590192, 38.20421877798191, 24.98732332584047, 73.12193835376539, 36.39060693216287, 74.5278592181237, 71.9652979120227, 74.82491203792998, 90.27556967817266, 76.8992842192748],
[51.26742084832769, 17.32416276656496, 24.737295420401477, 16.502608060425935, 16.021979562467397, 20.95946123956578, 17.128468182004532, 21.352951966944104, 22.996489423289407, 15.835326957158523, 22.892940843742107, 51.60468496887487, 21.524016983040827, 14.819818914648941, 39.64238195145633, 0.0, 27.28989311497325, 14.390337699189697, 18.223108305716767, 21.806470532201338, 23.07540483194671, 22.245436222559245, 35.573002315644544, 22.718531119648535, 24.90192493850665, 22.28194470081536, 32.02586464295536, 37.62542626183843, 21.002600320104047, 24.598769255484513, 31.44778728812608, 18.59714096754882, 22.79822838719377, 30.561814567886778, 17.18937276990249, 32.020703567175595, 34.06352676398188, 41.500500569436035, 48.091165623639775, 26.76669835239139],
[47.935062321960324, 28.59084816521213, 31.141864961990922, 28.293233418064716, 21.990731521820173, 31.30405906180249, 23.773506910301187, 19.987768361190085, 24.804491986919235, 26.17493311620406, 26.33808007799179, 53.621478759422175, 24.663516887654943, 22.31092985391998, 38.734329484806054, 27.28989311497325, 0.0, 29.152999383291608, 32.58404321897214, 28.70559614288846, 29.310729429775723, 25.887204402806653, 57.32176612486659, 27.589584571065732, 27.703496766580386, 26.151948950118822, 31.06866269369991, 36.067835968226774, 25.734203565571473, 17.82068292627361, 38.23546521006007, 31.272921801446778, 26.51455126013426, 49.86470219755031, 26.25370692181551, 52.4561026663398, 44.15799518985744, 41.74382353755804, 62.41774516544835, 54.91931556220879],
[55.98317808520659, 18.419558616775237, 24.916687144074487, 20.37993848924942, 17.304477352196475, 20.352889962823326, 17.777805143713294, 22.55821223380816, 24.0353152228961, 21.171597448926594, 21.604439144605525, 49.04345695797382, 22.434986749826876, 19.00946949372704, 37.06537597988269, 14.390337699189697, 29.152999383291608, 0.0, 17.316681745774545, 20.441358262001383, 22.944838040455373, 23.65035733486895, 35.57026315278355, 21.303557391985205, 22.45579165130917, 20.715972771185143, 29.880705864665952, 34.42466005209195, 20.324822895742756, 26.265779385130447, 30.883711651547095, 19.124017399309853, 20.554917313916707, 35.28093250453943, 19.60961137396268, 36.63581065805302, 38.14237869748184, 44.62421686974241, 48.5086270269429, 34.43303151946201],
[60.878100831428, 22.698169620363295, 26.899860206804508, 21.44242045116321, 19.759338350887454, 18.498847157612808, 23.287230146475313, 27.873731053217952, 21.52623889080908, 25.972099435902624, 22.127983971647993, 50.05523594785281, 25.124218769677046, 21.47422855214587, 31.202462126576407, 18.223108305716767, 32.58404321897214, 17.316681745774545, 0.0, 22.35895357895326, 20.612393586994735, 23.46935438988981, 34.840137504334756, 24.130100592060575, 22.569186041667635, 22.299627573691595, 29.315408502872177, 32.70501292961132, 20.493014176926543, 28.660926398355755, 23.448761034586216, 19.595947853826686, 22.274328544464982, 40.716908334595935, 22.499936967115815, 41.25019051556365, 43.008989518342105, 46.83035838476, 54.23504944061102, 44.06261369279475],
[57.43187113256889, 22.13097690341838, 21.034170917275855, 22.22590937265198, 20.739522489086212, 18.565904717738963, 21.467825763469612, 22.049720772578112, 26.702410119265892, 24.677197951325404, 17.75035228332514, 42.77872864113215, 23.233357763178642, 23.660052942462695, 38.84932663736466, 21.806470532201338, 28.70559614288846, 20.441358262001383, 22.35895357895326, 0.0, 22.30352738459605, 25.6147004159117, 45.86380089742246, 25.941106859708473, 26.57678051746183, 18.227909107247893, 34.72833676182251, 34.69707335012124, 27.560148473808585, 25.092366214156492, 31.708966405915078, 23.383342181350432, 26.6575104275301, 39.08185447376008, 23.791142722706255, 48.850426035231884, 44.449636960924956, 44.13886372166386, 49.66299025795757, 47.55035202987153],
[59.11514294235897, 24.892647423488167, 20.764674207956702, 26.046646075387148, 20.648747626111284, 21.409077378127343, 24.016444054429588, 22.76516793035115, 22.85512813124801, 26.799686083366346, 21.470103672688293, 47.665013627423555, 21.662584427617272, 24.437647283799357, 34.69006420702197, 23.07540483194671, 29.310729429775723, 22.944838040455373, 20.612393586994735, 22.30352738459605, 0.0, 24.06608214824298, 43.07149667369067, 27.310865485085106, 25.212168462207867, 22.047357049857656, 31.314516718651408, 32.591534633648635, 24.45733022788275, 25.985447159994244, 29.742922254524487, 26.300245444090216, 22.505558066161168, 39.59251568641502, 23.720350344139433, 50.8947009578277, 46.09937127452095, 43.67016932273152, 57.48496645389976, 49.77248439788259],
[49.52507174753858, 26.16571307828445, 28.65031577557197, 25.07738948316743, 16.497782235458278, 24.64579003849175, 22.506971306024603, 23.96072396156738, 20.205547788317162, 25.22994692412202, 23.423821409089967, 43.332530288419186, 17.71414925784393, 19.280830314482184, 27.56368962735302, 22.245436222559245, 25.887204402806653, 23.65035733486895, 23.46935438988981, 25.6147004159117, 24.06608214824298, 0.0, 37.31792799755073, 19.915199835341234, 21.19738502711035, 25.274638178438025, 22.108363529779247, 28.01875493498561, 17.908034120962828, 23.85721475352957, 24.84419442550268, 21.72738873472728, 16.575091137256454, 39.99621227645934, 20.550098503433748, 42.28763787505495, 38.62252910180962, 46.425023986925595, 62.310559270631586, 45.239785513473905],
[49.154894630066345, 39.78957618608171, 54.340254213670825, 40.182140492353426, 30.724710702747906, 39.78745452720685, 43.15217908820096, 45.73912176197278, 39.45910562167106, 43.65235153898772, 45.01159844881638, 50.00620303619019, 37.380498783887425, 29.263280237341764, 66.65437397656196, 35.573002315644544, 57.32176612486659, 35.57026315278355, 34.840137504334756, 45.86380089742246, 43.07149667369067, 37.31792799755073, 0.0, 43.418886074543366, 47.467877949829784, 44.4823922811322, 55.563021515743706, 64.96506546969329, 31.66771890180452, 49.883847709038896, 53.32370856995999, 34.19629789615005, 37.43053359101055, 32.02820051753659, 30.51083554570671, 30.49395896469894, 33.238737780346405, 38.8775833978436, 50.630706164760554, 38.15099076475657],
[56.250278445769375, 25.735679325506084, 28.588684894366168, 24.101133246620975, 19.95117746949561, 23.772331319214985, 23.140017323699876, 25.1478733090743, 24.566265808699164, 25.40236958757411, 25.305680802478264, 43.68041058537359, 17.522043301854737, 21.396325805818964, 28.065066053894256, 22.718531119648535, 27.589584571065732, 21.303557391985205, 24.130100592060575, 25.941106859708473, 27.310865485085106, 19.915199835341234, 43.418886074543366, 0.0, 18.938691383383766, 25.864812948210663, 20.313494864621262, 26.00427684754297, 19.362095349413178, 23.82045981170909, 26.943990069434555, 19.959763379303585, 17.92956220839158, 43.62823546188374, 22.699772267329596, 43.48407369725083, 37.51984470509213, 49.9314271865534, 64.92041335942486, 38.528444206246625],
[57.98302591391584, 30.667838543172596, 29.936067805414208, 27.035975606101815, 19.590075093081555, 23.220262278797918, 24.958722995683022, 26.85678854803006, 21.20689940859501, 30.48822908687166, 25.453020351762355, 35.9909434030734, 21.71044562589613, 22.575926271209, 24.961728179993834, 24.90192493850665, 27.703496766580386, 22.45579165130917, 22.569186041667635, 26.57678051746183, 25.212168462207867, 21.19738502711035, 47.467877949829784, 18.938691383383766, 0.0, 24.22349141011504, 20.105343801072912, 22.00932911380823, 19.40113448226979, 23.738113194755694, 26.74232054161454, 27.52968337694529, 18.823859951130306, 46.437578000591614, 26.86913611539754, 45.11843009620305, 40.81231081857981, 48.59194026415674, 70.39878999390776, 48.36727043041395],
[52.048703705110206, 25.26573736080296, 20.06230269880357, 25.85171205044423, 21.034023723940173, 21.410612724460837, 20.65442416353211, 20.54663313259936, 25.616010405440363, 25.78437845162463, 17.86039921722442, 39.78082550283406, 23.693897064050194, 22.926114183459024, 38.19518595459646, 22.28194470081536, 26.151948950118822, 20.715972771185143, 22.299627573691595, 18.227909107247893, 22.047357049857656, 25.274638178438025, 44.4823922811322, 25.864812948210663, 24.22349141011504, 0.0, 31.52553268815094, 34.38865378296176, 25.218182630025584, 24.32035743858097, 32.44909669188052, 25.436042380158636, 23.157001941567763, 39.815496873608275, 26.022596312380237, 46.62894069054738, 43.90873629985, 37.89484559286752, 43.850365474418105, 52.6598531883521],
[66.47942377490936, 34.384921336282176, 34.952258261584184, 33.755363051262435, 25.958752996920104, 30.773680745833488, 32.378978040806516, 32.23700227109142, 25.26060118527143, 34.80691820130982, 31.445624805300092, 51.69073169241251, 24.953725996423362, 28.43226727825021, 23.03403574156152, 32.02586464295536, 31.06866269369991, 29.880705864665952, 29.315408502872177, 34.72833676182251, 31.314516718651408, 22.108363529779247, 55.563021515743706, 20.313494864621262, 20.105343801072912, 31.52553268815094, 0.0, 24.375493146611454, 21.123888026721634, 29.6324904442387, 28.607601241722833, 28.788436358269436, 20.48770883043877, 59.83951172573689, 30.582854804158924, 56.59268797006073, 53.92128585730744, 60.7373621554205, 77.34087291467355, 58.16387689120359],
[77.39959126483411, 37.99501506629729, 35.39812172442235, 39.48428876798511, 30.631069151490152, 30.240745060906054, 34.135613161267585, 35.40885991241266, 30.42348728641583, 40.4977238328033, 33.65369967231211, 47.44070110790664, 28.535267504093536, 34.10030957671414, 19.014089505652436, 37.62542626183843, 36.067835968226774, 34.42466005209195, 32.70501292961132, 34.69707335012124, 32.591534633648635, 28.01875493498561, 64.96506546969329, 26.00427684754297, 22.00932911380823, 34.38865378296176, 24.375493146611454, 0.0, 28.847410295813944, 31.231101549367203, 29.632086226398663, 36.18215988480425, 24.366390782944073, 66.17350598400385, 35.209678979005744, 71.28388308963564, 64.83261729419475, 69.7476114435491, 86.43330682907775, 73.05278075161016],
[53.33967926411074, 23.866098460103643, 30.135464497066156, 23.109612567006824, 16.592424262305137, 24.122841049819247, 22.4161561891688, 25.256526389252812, 18.000836773852207, 23.531578330774703, 25.049104662819282, 50.67695507172737, 18.954134296096484, 16.85511524778918, 29.109433578013622, 21.002600320104047, 25.734203565571473, 20.324822895742756, 20.493014176926543, 27.560148473808585, 24.45733022788275, 17.908034120962828, 31.66771890180452, 19.362095349413178, 19.40113448226979, 25.218182630025584, 21.123888026721634, 28.847410295813944, 0.0, 22.63551683764039, 25.78277601136988, 21.26645955495406, 16.16555562190727, 45.24171339165886, 19.268503165245704, 33.36769497168265, 37.550218756169, 42.72671595637386, 61.93165098009974, 40.99932511505069],
[50.115586715161164, 27.453785580755426, 28.211684721093217, 27.387307553736512, 18.66357019098506, 28.055284664839824, 21.402194636034636, 20.235897703449336, 22.82984486418484, 26.233584118951903, 22.132548877427777, 49.61830939547885, 21.254929300209902, 20.812593808236784, 35.23508165710496, 24.598769255484513, 17.82068292627361, 26.265779385130447, 28.660926398355755, 25.092366214156492, 25.985447159994244, 23.85721475352957, 49.883847709038896, 23.82045981170909, 23.738113194755694, 24.32035743858097, 29.6324904442387, 31.231101549367203, 22.63551683764039, 0.0, 33.84446771570508, 27.44231776335332, 23.308081402378104, 45.310788865701, 23.493956669082106, 44.634195823346225, 37.49200731708653, 32.89253807503483, 64.14570309728855, 51.509094079650495],
[67.53741368300938, 34.37085525398506, 36.487040997250936, 32.11858161509381, 26.252271612981758, 27.755532501055484, 34.38271505992943, 36.63439995608757, 23.63645244402031, 35.99461309187772, 29.98277891851579, 56.16901681164095, 28.450439976619933, 29.51932658145769, 24.469862796590192, 31.44778728812608, 38.23546521006007, 30.883711651547095, 23.448761034586216, 31.708966405915078, 29.742922254524487, 24.84419442550268, 53.32370856995999, 26.943990069434555, 26.74232054161454, 32.44909669188052, 28.607601241722833, 29.632086226398663, 25.78277601136988, 33.84446771570508, 0.0, 29.017083162799636, 25.17104518290612, 60.263951944909685, 30.620774668644405, 61.12467880558348, 59.62021564976503, 62.667647886580156, 80.62818334728694, 65.01624558046235],
[53.06302552212883, 20.201207374990723, 28.451266691129284, 18.51324324843954, 19.841799174318677, 22.204484580027458, 23.750000180196537, 25.689684271462987, 24.970726035260732, 19.248573993438246, 24.344675309835118, 54.488790377604005, 23.085102643378512, 19.155606800164364, 38.20421877798191, 18.59714096754882, 31.272921801446778, 19.124017399309853, 19.595947853826686, 23.383342181350432, 26.300245444090216, 21.72738873472728, 34.19629789615005, 19.959763379303585, 27.52968337694529, 25.436042380158636, 28.788436358269436, 36.18215988480425, 21.26645955495406, 27.44231776335332, 29.017083162799636, 0.0, 22.709620582370718, 40.122815429661884, 17.602014128396842, 35.68311192044305, 35.77966056382738, 47.78358768568617, 50.974643308112555, 34.32130498251125],
[53.30144194221345, 25.160271108706528, 26.852293916869044, 26.682676894783665, 17.327866637548553, 23.359889960509058, 22.923004899210323, 24.961458644956338, 20.47514894544919, 26.60551699206831, 22.95492166850485, 41.32446417387286, 18.481229394860534, 20.312606205672182, 24.98732332584047, 22.79822838719377, 26.51455126013426, 20.554917313916707, 22.274328544464982, 26.6575104275301, 22.505558066161168, 16.575091137256454, 37.43053359101055, 17.92956220839158, 18.823859951130306, 23.157001941567763, 20.48770883043877, 24.366390782944073, 16.16555562190727, 23.308081402378104, 25.17104518290612, 22.709620582370718, 0.0, 42.458168927664616, 21.596076063955895, 43.02614631663257, 40.5494149306917, 46.01179323940969, 60.174007188411885, 45.83746682733355],
[47.242124004996334, 40.177672459862315, 46.890922164618466, 43.98491271170704, 27.292477723416077, 39.45119474260986, 32.35143819102072, 35.830770251847156, 43.24740555174785, 37.39474611632308, 39.10588361533035, 40.97690303729817, 32.1722723807875, 29.9843220874889, 73.12193835376539, 30.561814567886778, 49.86470219755031, 35.28093250453943, 40.716908334595935, 39.08185447376008, 39.59251568641502, 39.99621227645934, 32.02820051753659, 43.62823546188374, 46.437578000591614, 39.815496873608275, 59.83951172573689, 66.17350598400385, 45.24171339165886, 45.310788865701, 60.263951944909685, 40.122815429661884, 42.458168927664616, 0.0, 34.7396886843053, 35.483621335526635, 28.99445923818138, 37.6863907475816, 47.87392588101253, 38.66922754444818],
[48.329588026108915, 18.19355826511597, 28.23422873391841, 16.45160614607608, 16.27557885750257, 23.635313426917858, 22.086446139203485, 20.776263658720925, 19.758289195387352, 18.130747294140907, 24.386433782018685, 53.81589067009861, 20.372529609647277, 13.993830990110226, 36.39060693216287, 17.18937276990249, 26.25370692181551, 19.60961137396268, 22.499936967115815, 23.791142722706255, 23.720350344139433, 20.550098503433748, 30.51083554570671, 22.699772267329596, 26.86913611539754, 26.022596312380237, 30.582854804158924, 35.209678979005744, 19.268503165245704, 23.493956669082106, 30.620774668644405, 17.602014128396842, 21.596076063955895, 34.7396886843053, 0.0, 30.585336343551276, 30.91777649128367, 44.565363580859234, 52.83951282350324, 34.34154800457544],
[49.2360384068883, 43.211591665956746, 59.03591193297944, 34.561525086333596, 29.81201501012287, 46.543266677270445, 42.05512655664545, 42.73668578283662, 40.29112484306237, 39.31947897434201, 50.904153365230975, 53.157844135066824, 40.31522155181396, 26.383378403914474, 74.5278592181237, 32.020703567175595, 52.4561026663398, 36.63581065805302, 41.25019051556365, 48.850426035231884, 50.8947009578277, 42.28763787505495, 30.49395896469894, 43.48407369725083, 45.11843009620305, 46.62894069054738, 56.59268797006073, 71.28388308963564, 33.36769497168265, 44.634195823346225, 61.12467880558348, 35.68311192044305, 43.02614631663257, 35.483621335526635, 30.585336343551276, 0.0, 25.835763551267238, 43.113725698613266, 56.75740858546248, 32.96167442102259],
[42.38838390789281, 42.27119158740851, 54.00979219185923, 41.0118123305484, 22.757915304991986, 45.85089367894853, 34.587679994193394, 37.08936815493881, 38.48876217683491, 37.23344805093098, 45.95816453535543, 44.98418124998281, 33.957310439093355, 23.3923272519465, 71.9652979120227, 34.06352676398188, 44.15799518985744, 38.14237869748184, 43.008989518342105, 44.449636960924956, 46.09937127452095, 38.62252910180962, 33.238737780346405, 37.51984470509213, 40.81231081857981, 43.90873629985, 53.92128585730744, 64.83261729419475, 37.550218756169, 37.49200731708653, 59.62021564976503, 35.77966056382738, 40.5494149306917, 28.99445923818138, 30.91777649128367, 25.835763551267238, 0.0, 36.62923151712502, 52.948123640382136, 36.12325170155096],
[49.05932594277858, 50.20902582330764, 52.0758735998749, 46.01206401436163, 35.00090623703178, 46.022216035596145, 43.184749311860344, 37.18009898956576, 43.30378480266741, 47.08921027372266, 37.39637847639064, 47.810085824440584, 42.14004236710843, 39.063123911015204, 74.82491203792998, 41.500500569436035, 41.74382353755804, 44.62421686974241, 46.83035838476, 44.13886372166386, 43.67016932273152, 46.425023986925595, 38.8775833978436, 49.9314271865534, 48.59194026415674, 37.89484559286752, 60.7373621554205, 69.7476114435491, 42.72671595637386, 32.89253807503483, 62.667647886580156, 47.78358768568617, 46.01179323940969, 37.6863907475816, 44.565363580859234, 43.113725698613266, 36.62923151712502, 0.0, 56.225816009062726, 46.56905327877008],
[56.95700150341279, 39.366154020715726, 49.03404982879331, 58.735025312552715, 57.36622515529331, 54.22091665455851, 50.43827146607707, 48.99585969192937, 67.8353338108554, 48.49018114734834, 53.21673078947515, 59.13136448179978, 59.4268930495801, 53.969057737464645, 90.27556967817266, 48.091165623639775, 62.41774516544835, 48.5086270269429, 54.23504944061102, 49.66299025795757, 57.48496645389976, 62.310559270631586, 50.630706164760554, 64.92041335942486, 70.39878999390776, 43.850365474418105, 77.34087291467355, 86.43330682907775, 61.93165098009974, 64.14570309728855, 80.62818334728694, 50.974643308112555, 60.174007188411885, 47.87392588101253, 52.83951282350324, 56.75740858546248, 52.948123640382136, 56.225816009062726, 0.0, 58.65690345185559],
[56.62964172645347, 37.34755230925638, 56.26115659280736, 28.684614836673337, 36.71051084864612, 46.02525059325343, 43.01190996210835, 43.880899623029656, 44.6988955352502, 37.26224735050394, 49.75018545368214, 56.92449300596142, 45.01555668045011, 35.31827376529742, 76.8992842192748, 26.76669835239139, 54.91931556220879, 34.43303151946201, 44.06261369279475, 47.55035202987153, 49.77248439788259, 45.239785513473905, 38.15099076475657, 38.528444206246625, 48.36727043041395, 52.6598531883521, 58.16387689120359, 73.05278075161016, 40.99932511505069, 51.509094079650495, 65.01624558046235, 34.32130498251125, 45.83746682733355, 38.66922754444818, 34.34154800457544, 32.96167442102259, 36.12325170155096, 46.56905327877008, 58.65690345185559, 0.0]]